  35436   07800   32393   32173   50895   33493   64536   31740
  30190   22886   52472   57265   11040   58462   25767   41767
  55148   14503   12569   08238   18419   51441   34608   32312
  35365   65184   64788   19079   46549   23460   44517   14955
  61647   19316   43689   57476   38417   63929   62719   34343
  05428   19801   40420   53465   21416   41215   48186   32422
  20411   13774   53954   62436   05325   51736   28392   24112
  21841   48145   39743   49484   50356   24028   53766   63871
  27804   30303   27215   24556   47867   35050   60157   18619
  27602   00333   14855   48126   39902   17531   08289   04019
  33302   40870   39352   56021   38513   13708   01686   53025
  41110   47243   14033   41653   45911   60020   47174   04566
  50051   01363   18921   41083   10991   42261   19503   02197
  32689   37112   41613   25214   58276   32008   62371   31685
  34502   65157   15462   40193   25425   46209   49944   41835
  54347   18364   22754   17833   37362   42828   44076   25175
  25893   00442   56681   55549   56616   44541   12357   11633
  36559   21072   20063   15567   42577   24792   51555   57898
  42881   29850   27813   56979   07802   47269   29634   03681
  32240   26460   56662   26155   26109   52811   12372   00683
  65358   37383   48073   22871   07689   24057   48529   36766
  00108   48971   57857   50552   04729   56569   32739   38007
  04341   18601   27214   15637   09289   30526   14168   05050
  45736   10847   46366   48472   05783   53319   44535   64652
  50320   00380   52380   13725   29952   23693   55128   32379
  26782   27035   01116   10858   61368   26652   07554   63153
  49670   54441   40612   52132   20379   40166   55844   42134
  63937   52155   37935   48406   21506   23975   12826   37118
  45436   32989   35310   27740   03793   36308   43853   16426
  25612   36476   61568   00096   44727   54835   58342   57456
  60743   09276   20802   17791   15713   46745   43531   39794
  36457   62428   15866   09046   38274   25325   01584   06397
  30197   31538   52816   61136   38830   53459   03073   13372
  30637   25128   47803   15948   08797   57659   45295   12325
  22497   11270   52838   56917   32548   55837   50003   01639
  38565   24171   56009   28919   17354   33224   42682   54589
  26305   26179   11674   38654   63158   23631   12730   29330
  21635   13662   39609   21809   20240   38238   32512   40427
  38526   02833   42849   03239   47074   54293   46345   29341
  04826   03033   61838   25719   08390   05955   32181   23790
  15367   44182   45705   16011   64044   54277   18787   00820
  60314   03607   20487   43756   52166   38511   49786   04672
  09789   34725   12569   05355   35861   30908   25176   20854
  41054   47678   54012   12011   49938   61091   19768   03527
  10059   20098   42236   38626   09440   60915   57250   06687
  01645   10151   03484   58071   28264   02626   10708   48700
  65523   50745   42176   30303   55224   28137   47268   54676
  46328   49887   64662   11558   23100   57037   59572   62734
  51706   52286   12962   20255   22600   54556   44363   31098
  52388   15672   27869   48707   05594   41241   52094   28265
  30190   15263   06087   57720   45630   14538   07823   34884
  08932   33642   60639   02518   28765   49984   29155   15132
  41333   46983   63702   08095   42282   60488   45283   37333
  60571   10685   27790   46731   35689   01940   48840   17328
  22893   19990   09549   08351   10420   57726   14799   10661
  41368   35858   56438   60176   11817   34979   00335   59356
  03424   23620   09961   37255   03200   46733   06052   29143
  36351   38281   45864   05777   05926   48796   43566   56444
  57954   15756   12542   36228   10662   14908   50627   09212
  53618   56552   18088   60097   21824   55908   33884   52848
  30471   46709   09172   27118   20972   26435   53649   36979
  01575   13217   52102   42149   33390   35151   55978   51069
  58833   08584   16790   64827   61033   32055   16827   33129
  64969   52797   43085   11255   43450   14566   41420   56230
  60660   33100   40218   10938   24728   32421   22271   44151
  51487   58979   35088   61489   19442   23152   44178   01560
  50816   35526   58295   11738   09197   62413   22181   59509
  35192   04495   63809   22267   34973   31994   63663   04541
  65468   28217   49618   17849   51692   19509   25650   65382
  45898   14483   36045   02882   48104   08161   33588   40141
  43585   37385   47167   41036   50315   57662   59650   25493
  28892   38661   36298   18782   23928   23082   44224   63871
  61586   32418   62622   18884   44295   01839   59124   57983
  23929   48349   31754   17048   44338   28740   56491   07781
  26927   56406   49265   30828   14915   34865   61811   01391
  37180   03848   56343   58066   62968   12435   43870   31554
  45358   26850   23125   35246   56113   18643   57618   16360
  26691   49691   35122   22724   61522   27001   22663   53422
  45587   44390   08527   00560   34859   20789   09842   28990
  42211   47647   11748   58123   01977   50290   03545   28349
  35813   43351   41041   01949   15253   65505   35493   52426
  02598   43932   59897   17674   48171   03291   22496   33366
  37969   47338   42495   51277   37448   65137   13085   40969
  09195   07425   32275   26273   32809   50027   36973   19427
  53863   20848   00175   28708   37165   25699   10054   43339
  26505   01799   58503   11893   45451   64867   48720   63601
  47599   27315   40922   36964   43828   35626   53891   56067
  42660   60698   64110   23637   17044   02440   31512   17443
  01987   31495   03110   57871   44178   53580   31121   17844
  01473   30329   26056   55639   47518   09201   33445   60445
  40090   17658   11834   07627   14080   23409   28452   58159
  13401   51489   34198   03579   15921   00982   22046   40902
  63362   12442   24644   12934   62037   42463   26329   17375
  18260   39907   11270   42412   12776   27023   11382   05840
  28541   21686   11921   30555   40544   63632   33934   24920
  26206   15992   58254   10411   53907   07655   44322   28678
  54673   59715   58617   46756   52126   40736   21087   01377
  53356   54380   22732   65059   43814   37833   09940   32541
  02026   00206   23734   50781   07089   65395   24140   54761
  40014   28122   18758   27906   62605   50251   64399   58038
  03459   51642   39905   63818   62091   49049   41347   11443
  24970   09632   61526   19660   30307   60083   37885   23174
  03578   51111   61376   51958   12689   01441   22609   63837
  37143   14347   39726   32398   30692   39904   24588   61961
  00426   26589   35770   26118   58232   58044   13471   43829
  56383   62863   27463   34104   20405   61544   34761   19994
  28709   23840   32389   08842   17266   20359   41102   56748
  46692   57987   19238   23055   43344   54979   48932   33788
  13962   42990   42506   49011   47203   27774   63505   11076
  46943   15277   09204   00272   63890   59392   19570   59303
  02879   44798   18486   25229   31621   19175   08573   32806
  10899   02954   21892   11499   19633   14874   35668   53118
  06766   13480   05703   62371   28151   58766   43154   22401
  41184   09931   41907   61042   65063   08879   11689   20982
  12658   00319   18924   38529   01271   46544   07628   30884
  01600   53205   11005   20974   41643   36649   45855   12687
  10472   22656   47751   25550   65143   61401   21237   15083
  20812   50437   51297   10740   65201   51608   15190   54627
  02356   53207   22077   27799   23972   46438   34164   06504
  20229   54285   65365   35468   64109   08401   24275   60798
  60945   48013   19089   19845   42454   40977   56803   61518
  26126   59889   26798   12125   56341   42189   02923   23362
  58730   27556   17706   46777   24841   42715   23739   22470
  38021   36236   46814   13661   16084   49186   12639   11962
  62067   49287   18481   63161   48007   05112   48931   21044

